#### 10x10 CUBE Generated by Samson Mano <saminnx@gmail.com>
$$$$ SCALE, 40
$$$$ POINTS
         1,  5.0            ,  2.0            ,  -5.0           
         2,  5.0            ,  1.0            ,  -5.0           
         3,  5.0            ,  0.0            ,  -5.0           
         4,  5.0            ,  -1.0           ,  -5.0           
         5,  5.0            ,  -2.0           ,  -5.0           
         6,  5.0            ,  -3.0           ,  -5.0           
         7,  5.0            ,  -4.0           ,  -5.0           
         8,  5.0            ,  -5.0           ,  -5.0           
        17,  5.0            ,  3.0            ,  -5.0           
        18,  5.0            ,  4.0            ,  -5.0           
        19,  5.0            ,  5.0            ,  -5.0           
        20,  4.0            ,  5.0            ,  -5.0           
        21,  3.0            ,  5.0            ,  -5.0           
        22,  2.0            ,  5.0            ,  -5.0           
        23,  1.0            ,  5.0            ,  -5.0           
        24,  0.0            ,  5.0            ,  -5.0           
        25,  -1.0           ,  5.0            ,  -5.0           
        26,  -2.0           ,  5.0            ,  -5.0           
        27,  -3.0           ,  5.0            ,  -5.0           
        28,  -4.0           ,  5.0            ,  -5.0           
        29,  -5.0           ,  5.0            ,  -5.0           
        30,  -5.0           ,  4.0            ,  -5.0           
        31,  -5.0           ,  3.0            ,  -5.0           
        32,  -5.0           ,  2.0            ,  -5.0           
        33,  -5.0           ,  1.0            ,  -5.0           
        34,  -5.0           ,  0.0            ,  -5.0           
        35,  -5.0           ,  -1.0           ,  -5.0           
        36,  -5.0           ,  -2.0           ,  -5.0           
        37,  -5.0           ,  -3.0           ,  -5.0           
        38,  -5.0           ,  -4.0           ,  -5.0           
        39,  -5.0           ,  -5.0           ,  -5.0           
        40,  -4.0           ,  -5.0           ,  -5.0           
        41,  -3.0           ,  -5.0           ,  -5.0           
        42,  -2.0           ,  -5.0           ,  -5.0           
        43,  -1.0           ,  -5.0           ,  -5.0           
        44,  0.0            ,  -5.0           ,  -5.0           
        45,  1.0            ,  -5.0           ,  -5.0           
        46,  2.0            ,  -5.0           ,  -5.0           
        47,  3.0            ,  -5.0           ,  -5.0           
        48,  4.0            ,  -5.0           ,  -5.0           
        49,  -4.0           ,  0.0            ,  -5.0           
        50,  -3.0           ,  0.0	      ,  -5.0           
        51,  -2.0           ,  0.0            ,  -5.0           
        52,  -1.0           ,  0.0            ,  -5.0           
        53,  0.0            ,  0.0            ,  -5.0           
        54,  1.0            ,  0.0            ,  -5.0           
        55,  2.0            ,  0.0            ,  -5.0           
        56,  3.0            ,  0.0            ,  -5.0           
        57,  4.0            ,  0.0            ,  -5.0           
        58,  0.0            ,  1.0            ,  -5.0           
        59,  0.0            ,  2.0            ,  -5.0           
        60,  0.0            ,  3.0            ,  -5.0           
        61,  0.0            ,  4.0            ,  -5.0           
        62,  -1.0           ,  2.0            ,  -5.0           
        63,  -2.0           ,  2.0            ,  -5.0           
        64,  -3.0           ,  2.0            ,  -5.0           
        65,  -4.0           ,  2.0            ,  -5.0           
        66,  -2.0           ,  1.0            ,  -5.0           
        67,  -1.0           ,  1.0            ,  -5.0           
        68,  -3.0           ,  1.0            ,  -5.0           
        69,  -4.0           ,  1.0            ,  -5.0           
        70,  -2.0           ,  4.0            ,  -5.0           
        71,  -2.0           ,  3.0            ,  -5.0           
        72,  -1.0           ,  4.0            ,  -5.0           
        73,  -1.0           ,  3.0            ,  -5.0           
        74,  -4.0           ,  4.0            ,  -5.0           
        75,  -3.0           ,  4.0            ,  -5.0           
        76,  -4.0           ,  3.0            ,  -5.0           
        77,  -3.0           ,  3.0            ,  -5.0           
        78,  4.0            ,  2.0            ,  -5.0           
        79,  3.0            ,  2.0            ,  -5.0           
        80,  2.0            ,  2.0            ,  -5.0           
        81,  1.0            ,  2.0            ,  -5.0           
        82,  3.0            ,  1.0            ,  -5.0           
        83,  4.0            ,  1.0            ,  -5.0           
        84,  2.0            ,  1.0            ,  -5.0           
        85,  1.0            ,  1.0            ,  -5.0           
        86,  3.0            ,  4.0            ,  -5.0           
        87,  3.0            ,  3.0            ,  -5.0           
        88,  4.0            ,  4.0            ,  -5.0           
        89,  4.0            ,  3.0            ,  -5.0           
        90,  2.0            ,  4.0            ,  -5.0           
        91,  2.0            ,  3.0            ,  -5.0           
        92,  1.0            ,  4.0            ,  -5.0           
        93,  1.0            ,  3.0            ,  -5.0           
        94,  0.0            ,  -4.0           ,  -5.0           
        95,  0.0            ,  -3.0           ,  -5.0           
        96,  0.0            ,  -2.0           ,  -5.0           
        97,  0.0            ,  -1.0           ,  -5.0           
        98,  -1.0           ,  -3.0           ,  -5.0           
        99,  -2.0           ,  -3.0           ,  -5.0           
       100,  -3.0           ,  -3.0           ,  -5.0           
       101,  -4.0           ,  -3.0           ,  -5.0           
       102,  -2.0           ,  -4.0           ,  -5.0           
       103,  -1.0           ,  -4.0           ,  -5.0           
       104,  -3.0           ,  -4.0           ,  -5.0           
       105,  -4.0           ,  -4.0           ,  -5.0           
       106,  -2.0           ,  -1.0           ,  -5.0           
       107,  -2.0           ,  -2.0           ,  -5.0           
       108,  -1.0           ,  -1.0           ,  -5.0           
       109,  -1.0           ,  -2.0           ,  -5.0           
       110,  -3.0           ,  -1.0           ,  -5.0           
       111,  -3.0           ,  -2.0           ,  -5.0           
       112,  -4.0           ,  -1.0           ,  -5.0           
       113,  -4.0           ,  -2.0           ,  -5.0           
       114,  4.0            ,  -3.0           ,  -5.0           
       115,  3.0            ,  -3.0           ,  -5.0           
       116,  2.0            ,  -3.0           ,  -5.0           
       117,  1.0            ,  -3.0           ,  -5.0           
       118,  3.0            ,  -4.0           ,  -5.0           
       119,  4.0            ,  -4.0           ,  -5.0           
       120,  2.0            ,  -4.0           ,  -5.0           
       121,  1.0            ,  -4.0           ,  -5.0           
       122,  3.0            ,  -1.0           ,  -5.0           
       123,  3.0            ,  -2.0           ,  -5.0           
       124,  4.0            ,  -1.0           ,  -5.0           
       125,  4.0            ,  -2.0           ,  -5.0           
       126,  1.0            ,  -1.0           ,  -5.0           
       127,  2.0            ,  -1.0           ,  -5.0           
       128,  1.0            ,  -2.0           ,  -5.0           
       129,  2.0            ,  -2.0           ,  -5.0           
       130,  5.0            ,  5.0            ,  -4.0           
       131,  5.0            ,  5.0            ,  -3.0           
       132,  5.0            ,  5.0            ,  -2.0           
       133,  5.0            ,  5.0            ,  -1.0           
       134,  5.0            ,  5.0            ,  0.0            
       135,  5.0            ,  5.0            ,  1.0            
       136,  5.0            ,  5.0            ,  2.0            
       137,  5.0            ,  5.0            ,  3.0            
       138,  5.0            ,  5.0            ,  4.0            
       139,  5.0            ,  5.0            ,  5.0            
       140,  4.0            ,  5.0            ,  5.0            
       141,  3.0            ,  5.0            ,  5.0            
       142,  2.0            ,  5.0            ,  5.0            
       143,  1.0            ,  5.0            ,  5.0            
       144,  0.0            ,  5.0            ,  5.0            
       145,  -1.0           ,  5.0            ,  5.0            
       146,  -2.0           ,  5.0            ,  5.0            
       147,  -3.0           ,  5.0            ,  5.0            
       148,  -4.0           ,  5.0            ,  5.0            
       149,  -5.0           ,  5.0            ,  5.0            
       150,  -5.0           ,  5.0            ,  4.0            
       151,  -5.0           ,  5.0            ,  3.0            
       152,  -5.0           ,  5.0            ,  2.0            
       153,  -5.0           ,  5.0            ,  1.0            
       154,  -5.0           ,  5.0            ,  0.0            
       155,  -5.0           ,  5.0            ,  -1.0           
       156,  -5.0           ,  5.0            ,  -2.0           
       157,  -5.0           ,  5.0            ,  -3.0           
       158,  -5.0           ,  5.0            ,  -4.0           
       159,  -4.0           ,  5.0            ,  0.0            
       160,  -3.0           ,  5.0            ,  0.0            
       161,  -2.0           ,  5.0            ,  0.0            
       162,  -1.0           ,  5.0            ,  0.0            
       163,  0.0            ,  5.0            ,  0.0            
       164,  1.0            ,  5.0            ,  0.0            
       165,  2.0            ,  5.0            ,  0.0            
       166,  3.0            ,  5.0            ,  0.0            
       167,  4.0            ,  5.0            ,  0.0            
       168,  0.0            ,  5.0            ,  1.0            
       169,  0.0            ,  5.0            ,  2.0            
       170,  0.0            ,  5.0            ,  3.0            
       171,  0.0            ,  5.0            ,  4.0            
       172,  -1.0           ,  5.0            ,  2.0            
       173,  -2.0           ,  5.0            ,  2.0            
       174,  -3.0           ,  5.0            ,  2.0            
       175,  -4.0           ,  5.0            ,  2.0            
       176,  -2.0           ,  5.0            ,  1.0            
       177,  -1.0           ,  5.0            ,  1.0            
       178,  -3.0           ,  5.0            ,  1.0            
       179,  -4.0           ,  5.0            ,  1.0            
       180,  -2.0           ,  5.0            ,  4.0            
       181,  -2.0           ,  5.0            ,  3.0            
       182,  -1.0           ,  5.0            ,  4.0            
       183,  -1.0           ,  5.0            ,  3.0            
       184,  -4.0           ,  5.0            ,  4.0            
       185,  -3.0           ,  5.0            ,  4.0            
       186,  -4.0           ,  5.0            ,  3.0            
       187,  -3.0           ,  5.0            ,  3.0            
       188,  4.0            ,  5.0            ,  2.0            
       189,  3.0            ,  5.0            ,  2.0            
       190,  2.0            ,  5.0            ,  2.0            
       191,  1.0            ,  5.0            ,  2.0            
       192,  3.0            ,  5.0            ,  1.0            
       193,  4.0            ,  5.0            ,  1.0            
       194,  2.0            ,  5.0            ,  1.0            
       195,  1.0            ,  5.0            ,  1.0            
       196,  3.0            ,  5.0            ,  4.0            
       197,  3.0            ,  5.0            ,  3.0            
       198,  4.0            ,  5.0            ,  4.0            
       199,  4.0            ,  5.0            ,  3.0            
       200,  2.0            ,  5.0            ,  4.0            
       201,  2.0            ,  5.0            ,  3.0            
       202,  1.0            ,  5.0            ,  4.0            
       203,  1.0            ,  5.0            ,  3.0            
       204,  0.0            ,  5.0            ,  -4.0           
       205,  0.0            ,  5.0            ,  -3.0           
       206,  0.0            ,  5.0            ,  -2.0           
       207,  0.0            ,  5.0            ,  -1.0           
       208,  -1.0           ,  5.0            ,  -3.0           
       209,  -2.0           ,  5.0            ,  -3.0           
       210,  -3.0           ,  5.0            ,  -3.0           
       211,  -4.0           ,  5.0            ,  -3.0           
       212,  -2.0           ,  5.0            ,  -4.0           
       213,  -1.0           ,  5.0            ,  -4.0           
       214,  -3.0           ,  5.0            ,  -4.0           
       215,  -4.0           ,  5.0            ,  -4.0           
       216,  -2.0           ,  5.0            ,  -1.0           
       217,  -2.0           ,  5.0            ,  -2.0           
       218,  -1.0           ,  5.0            ,  -1.0           
       219,  -1.0           ,  5.0            ,  -2.0           
       220,  -3.0           ,  5.0            ,  -1.0           
       221,  -3.0           ,  5.0            ,  -2.0           
       222,  -4.0           ,  5.0            ,  -1.0           
       223,  -4.0           ,  5.0            ,  -2.0           
       224,  4.0            ,  5.0            ,  -3.0           
       225,  3.0            ,  5.0            ,  -3.0           
       226,  2.0            ,  5.0            ,  -3.0           
       227,  1.0            ,  5.0            ,  -3.0           
       228,  3.0            ,  5.0            ,  -4.0           
       229,  4.0            ,  5.0            ,  -4.0           
       230,  2.0            ,  5.0            ,  -4.0           
       231,  1.0            ,  5.0            ,  -4.0           
       232,  3.0            ,  5.0            ,  -1.0           
       233,  3.0            ,  5.0            ,  -2.0           
       234,  4.0            ,  5.0            ,  -1.0           
       235,  4.0            ,  5.0            ,  -2.0           
       236,  1.0            ,  5.0            ,  -1.0           
       237,  2.0            ,  5.0            ,  -1.0           
       238,  1.0            ,  5.0            ,  -2.0           
       239,  2.0            ,  5.0            ,  -2.0           
       240,  5.0            ,  -5.0           ,  -4.0           
       241,  5.0            ,  -5.0           ,  -3.0           
       242,  5.0            ,  -5.0           ,  -2.0           
       243,  5.0            ,  -5.0           ,  -1.0           
       244,  5.0            ,  -5.0           ,  0.0            
       245,  5.0            ,  -5.0           ,  1.0            
       246,  5.0            ,  -5.0           ,  2.0            
       247,  5.0            ,  -5.0           ,  3.0            
       248,  5.0            ,  -5.0           ,  4.0            
       249,  5.0            ,  -5.0           ,  5.0            
       250,  5.0            ,  -4.0           ,  5.0            
       251,  5.0            ,  -3.0           ,  5.0            
       252,  5.0            ,  -2.0           ,  5.0            
       253,  5.0            ,  -1.0           ,  5.0            
       254,  5.0            ,  0.0            ,  5.0            
       255,  5.0            ,  1.0            ,  5.0            
       256,  5.0            ,  2.0            ,  5.0            
       257,  5.0            ,  3.0            ,  5.0            
       258,  5.0            ,  4.0            ,  5.0            
       259,  5.0            ,  4.0            ,  0.0            
       260,  5.0            ,  3.0            ,  0.0            
       261,  5.0            ,  2.0            ,  0.0            
       262,  5.0            ,  1.0            ,  0.0            
       263,  5.0            ,  0.0            ,  0.0            
       264,  5.0            ,  -1.0           ,  0.0            
       265,  5.0            ,  -2.0           ,  0.0            
       266,  5.0            ,  -3.0           ,  0.0            
       267,  5.0            ,  -4.0           ,  0.0            
       268,  5.0            ,  0.0            ,  1.0            
       269,  5.0            ,  0.0            ,  2.0            
       270,  5.0            ,  0.0            ,  3.0            
       271,  5.0            ,  0.0            ,  4.0            
       272,  5.0            ,  1.0            ,  2.0            
       273,  5.0            ,  2.0            ,  2.0            
       274,  5.0            ,  3.0            ,  2.0            
       275,  5.0            ,  4.0            ,  2.0            
       276,  5.0            ,  2.0            ,  1.0            
       277,  5.0            ,  1.0            ,  1.0            
       278,  5.0            ,  3.0            ,  1.0            
       279,  5.0            ,  4.0            ,  1.0            
       280,  5.0            ,  2.0            ,  4.0            
       281,  5.0            ,  2.0            ,  3.0            
       282,  5.0            ,  1.0            ,  4.0            
       283,  5.0            ,  1.0            ,  3.0            
       284,  5.0            ,  4.0            ,  4.0            
       285,  5.0            ,  3.0            ,  4.0            
       286,  5.0            ,  4.0            ,  3.0            
       287,  5.0            ,  3.0            ,  3.0            
       288,  5.0            ,  -4.0           ,  2.0            
       289,  5.0            ,  -3.0           ,  2.0            
       290,  5.0            ,  -2.0           ,  2.0            
       291,  5.0            ,  -1.0           ,  2.0            
       292,  5.0            ,  -3.0           ,  1.0            
       293,  5.0            ,  -4.0           ,  1.0            
       294,  5.0            ,  -2.0           ,  1.0            
       295,  5.0            ,  -1.0           ,  1.0            
       296,  5.0            ,  -3.0           ,  4.0            
       297,  5.0            ,  -3.0           ,  3.0            
       298,  5.0            ,  -4.0           ,  4.0            
       299,  5.0            ,  -4.0           ,  3.0            
       300,  5.0            ,  -1.0           ,  4.0            
       301,  5.0            ,  -2.0           ,  4.0            
       302,  5.0            ,  -1.0           ,  3.0            
       303,  5.0            ,  -2.0           ,  3.0            
       304,  5.0            ,  0.0            ,  -4.0           
       305,  5.0            ,  0.0            ,  -3.0           
       306,  5.0            ,  0.0            ,  -2.0           
       307,  5.0            ,  0.0            ,  -1.0           
       308,  5.0            ,  1.0            ,  -3.0           
       309,  5.0            ,  2.0            ,  -3.0           
       310,  5.0            ,  3.0            ,  -3.0           
       311,  5.0            ,  4.0            ,  -3.0           
       312,  5.0            ,  2.0            ,  -4.0           
       313,  5.0            ,  1.0            ,  -4.0           
       314,  5.0            ,  3.0            ,  -4.0           
       315,  5.0            ,  4.0            ,  -4.0           
       316,  5.0            ,  2.0            ,  -1.0           
       317,  5.0            ,  2.0            ,  -2.0           
       318,  5.0            ,  1.0            ,  -1.0           
       319,  5.0            ,  1.0            ,  -2.0           
       320,  5.0            ,  4.0            ,  -1.0           
       321,  5.0            ,  3.0            ,  -1.0           
       322,  5.0            ,  4.0            ,  -2.0           
       323,  5.0            ,  3.0            ,  -2.0           
       324,  5.0            ,  -4.0           ,  -3.0           
       325,  5.0            ,  -3.0           ,  -3.0           
       326,  5.0            ,  -2.0           ,  -3.0           
       327,  5.0            ,  -1.0           ,  -3.0           
       328,  5.0            ,  -3.0           ,  -4.0           
       329,  5.0            ,  -4.0           ,  -4.0           
       330,  5.0            ,  -2.0           ,  -4.0           
       331,  5.0            ,  -1.0           ,  -4.0           
       332,  5.0            ,  -3.0           ,  -1.0           
       333,  5.0            ,  -3.0           ,  -2.0           
       334,  5.0            ,  -4.0           ,  -1.0           
       335,  5.0            ,  -4.0           ,  -2.0           
       336,  5.0            ,  -2.0           ,  -1.0           
       337,  5.0            ,  -2.0           ,  -2.0           
       338,  5.0            ,  -1.0           ,  -1.0           
       339,  5.0            ,  -1.0           ,  -2.0           
       340,  -5.0           ,  -5.0           ,  -4.0           
       341,  -5.0           ,  -5.0           ,  -3.0           
       342,  -5.0           ,  -5.0           ,  -2.0           
       343,  -5.0           ,  -5.0           ,  -1.0           
       344,  -5.0           ,  -5.0           ,  0.0            
       345,  -5.0           ,  -5.0           ,  1.0            
       346,  -5.0           ,  -5.0           ,  2.0            
       347,  -5.0           ,  -5.0           ,  3.0            
       348,  -5.0           ,  -5.0           ,  4.0            
       349,  -5.0           ,  -5.0           ,  5.0            
       350,  -4.0           ,  -5.0           ,  5.0            
       351,  -3.0           ,  -5.0           ,  5.0            
       352,  -2.0           ,  -5.0           ,  5.0            
       353,  -1.0           ,  -5.0           ,  5.0            
       354,  0.0            ,  -5.0           ,  5.0            
       355,  1.0            ,  -5.0           ,  5.0            
       356,  2.0            ,  -5.0           ,  5.0            
       357,  3.0            ,  -5.0           ,  5.0            
       358,  4.0            ,  -5.0           ,  5.0            
       359,  -4.0           ,  -5.0           ,  0.0            
       360,  -3.0           ,  -5.0           ,  0.0            
       361,  -2.0           ,  -5.0           ,  0.0            
       362,  -1.0           ,  -5.0           ,  0.0            
       363,  0.0            ,  -5.0           ,  0.0            
       364,  1.0            ,  -5.0           ,  0.0            
       365,  2.0            ,  -5.0           ,  0.0            
       366,  3.0            ,  -5.0           ,  0.0            
       367,  4.0            ,  -5.0           ,  0.0            
       368,  0.0            ,  -5.0           ,  -1.0           
       369,  0.0            ,  -5.0           ,  -2.0           
       370,  0.0            ,  -5.0           ,  -3.0           
       371,  0.0            ,  -5.0           ,  -4.0           
       372,  -1.0           ,  -5.0           ,  -2.0           
       373,  -2.0           ,  -5.0           ,  -2.0           
       374,  -3.0           ,  -5.0           ,  -2.0           
       375,  -4.0           ,  -5.0           ,  -2.0           
       376,  -2.0           ,  -5.0           ,  -1.0           
       377,  -1.0           ,  -5.0           ,  -1.0           
       378,  -3.0           ,  -5.0           ,  -1.0           
       379,  -4.0           ,  -5.0           ,  -1.0           
       380,  -2.0           ,  -5.0           ,  -4.0           
       381,  -2.0           ,  -5.0           ,  -3.0           
       382,  -1.0           ,  -5.0           ,  -4.0           
       383,  -1.0           ,  -5.0           ,  -3.0           
       384,  -4.0           ,  -5.0           ,  -4.0           
       385,  -3.0           ,  -5.0           ,  -4.0           
       386,  -4.0           ,  -5.0           ,  -3.0           
       387,  -3.0           ,  -5.0           ,  -3.0           
       388,  4.0            ,  -5.0           ,  -2.0           
       389,  3.0            ,  -5.0           ,  -2.0           
       390,  2.0            ,  -5.0           ,  -2.0           
       391,  1.0            ,  -5.0           ,  -2.0           
       392,  3.0            ,  -5.0           ,  -1.0           
       393,  4.0            ,  -5.0           ,  -1.0           
       394,  2.0            ,  -5.0           ,  -1.0           
       395,  1.0            ,  -5.0           ,  -1.0           
       396,  3.0            ,  -5.0           ,  -4.0           
       397,  3.0            ,  -5.0           ,  -3.0           
       398,  4.0            ,  -5.0           ,  -4.0           
       399,  4.0            ,  -5.0           ,  -3.0           
       400,  1.0            ,  -5.0           ,  -4.0           
       401,  2.0            ,  -5.0           ,  -4.0           
       402,  1.0            ,  -5.0           ,  -3.0           
       403,  2.0            ,  -5.0           ,  -3.0           
       404,  0.0            ,  -5.0           ,  4.0            
       405,  0.0            ,  -5.0           ,  3.0            
       406,  0.0            ,  -5.0           ,  2.0            
       407,  0.0            ,  -5.0           ,  1.0            
       408,  -1.0           ,  -5.0           ,  3.0            
       409,  -2.0           ,  -5.0           ,  3.0            
       410,  -3.0           ,  -5.0           ,  3.0            
       411,  -4.0           ,  -5.0           ,  3.0            
       412,  -2.0           ,  -5.0           ,  4.0            
       413,  -1.0           ,  -5.0           ,  4.0            
       414,  -3.0           ,  -5.0           ,  4.0            
       415,  -4.0           ,  -5.0           ,  4.0            
       416,  -2.0           ,  -5.0           ,  1.0            
       417,  -2.0           ,  -5.0           ,  2.0            
       418,  -1.0           ,  -5.0           ,  1.0            
       419,  -1.0           ,  -5.0           ,  2.0            
       420,  -3.0           ,  -5.0           ,  1.0            
       421,  -3.0           ,  -5.0           ,  2.0            
       422,  -4.0           ,  -5.0           ,  1.0            
       423,  -4.0           ,  -5.0           ,  2.0            
       424,  4.0            ,  -5.0           ,  3.0            
       425,  3.0            ,  -5.0           ,  3.0            
       426,  2.0            ,  -5.0           ,  3.0            
       427,  1.0            ,  -5.0           ,  3.0            
       428,  3.0            ,  -5.0           ,  4.0            
       429,  4.0            ,  -5.0           ,  4.0            
       430,  2.0            ,  -5.0           ,  4.0            
       431,  1.0            ,  -5.0           ,  4.0            
       432,  3.0            ,  -5.0           ,  1.0            
       433,  3.0            ,  -5.0           ,  2.0            
       434,  4.0            ,  -5.0           ,  1.0            
       435,  4.0            ,  -5.0           ,  2.0            
       436,  1.0            ,  -5.0           ,  1.0            
       437,  2.0            ,  -5.0           ,  1.0            
       438,  1.0            ,  -5.0           ,  2.0            
       439,  2.0            ,  -5.0           ,  2.0            
       440,  -5.0           ,  4.0            ,  5.0            
       441,  -5.0           ,  3.0            ,  5.0            
       442,  -5.0           ,  2.0            ,  5.0            
       443,  -5.0           ,  1.0            ,  5.0            
       444,  -5.0           ,  0.0            ,  5.0            
       445,  -5.0           ,  -1.0           ,  5.0            
       446,  -5.0           ,  -2.0           ,  5.0            
       447,  -5.0           ,  -3.0           ,  5.0            
       448,  -5.0           ,  -4.0           ,  5.0            
       449,  -5.0           ,  -4.0           ,  0.0            
       450,  -5.0           ,  -3.0           ,  0.0            
       451,  -5.0           ,  -2.0           ,  0.0            
       452,  -5.0           ,  -1.0           ,  0.0            
       453,  -5.0           ,  0.0            ,  0.0            
       454,  -5.0           ,  1.0            ,  0.0            
       455,  -5.0           ,  2.0            ,  0.0            
       456,  -5.0           ,  3.0            ,  0.0            
       457,  -5.0           ,  4.0            ,  0.0            
       458,  -5.0           ,  0.0            ,  1.0            
       459,  -5.0           ,  0.0            ,  2.0            
       460,  -5.0           ,  0.0            ,  3.0            
       461,  -5.0           ,  0.0            ,  4.0            
       462,  -5.0           ,  -1.0           ,  2.0            
       463,  -5.0           ,  -2.0           ,  2.0            
       464,  -5.0           ,  -3.0           ,  2.0            
       465,  -5.0           ,  -4.0           ,  2.0            
       466,  -5.0           ,  -2.0           ,  1.0            
       467,  -5.0           ,  -1.0           ,  1.0            
       468,  -5.0           ,  -3.0           ,  1.0            
       469,  -5.0           ,  -4.0           ,  1.0            
       470,  -5.0           ,  -2.0           ,  4.0            
       471,  -5.0           ,  -2.0           ,  3.0            
       472,  -5.0           ,  -1.0           ,  4.0            
       473,  -5.0           ,  -1.0           ,  3.0            
       474,  -5.0           ,  -4.0           ,  4.0            
       475,  -5.0           ,  -3.0           ,  4.0            
       476,  -5.0           ,  -4.0           ,  3.0            
       477,  -5.0           ,  -3.0           ,  3.0            
       478,  -5.0           ,  4.0            ,  2.0            
       479,  -5.0           ,  3.0            ,  2.0            
       480,  -5.0           ,  2.0            ,  2.0            
       481,  -5.0           ,  1.0            ,  2.0            
       482,  -5.0           ,  3.0            ,  1.0            
       483,  -5.0           ,  4.0            ,  1.0            
       484,  -5.0           ,  2.0            ,  1.0            
       485,  -5.0           ,  1.0            ,  1.0            
       486,  -5.0           ,  3.0            ,  4.0            
       487,  -5.0           ,  3.0            ,  3.0            
       488,  -5.0           ,  4.0            ,  4.0            
       489,  -5.0           ,  4.0            ,  3.0            
       490,  -5.0           ,  1.0            ,  4.0            
       491,  -5.0           ,  2.0            ,  4.0            
       492,  -5.0           ,  1.0            ,  3.0            
       493,  -5.0           ,  2.0            ,  3.0            
       494,  -5.0           ,  0.0            ,  -4.0           
       495,  -5.0           ,  0.0            ,  -3.0           
       496,  -5.0           ,  0.0            ,  -2.0           
       497,  -5.0           ,  0.0            ,  -1.0           
       498,  -5.0           ,  -1.0           ,  -3.0           
       499,  -5.0           ,  -2.0           ,  -3.0           
       500,  -5.0           ,  -3.0           ,  -3.0           
       501,  -5.0           ,  -4.0           ,  -3.0           
       502,  -5.0           ,  -2.0           ,  -4.0           
       503,  -5.0           ,  -1.0           ,  -4.0           
       504,  -5.0           ,  -3.0           ,  -4.0           
       505,  -5.0           ,  -4.0           ,  -4.0           
       506,  -5.0           ,  -2.0           ,  -1.0           
       507,  -5.0           ,  -2.0           ,  -2.0           
       508,  -5.0           ,  -1.0           ,  -1.0           
       509,  -5.0           ,  -1.0           ,  -2.0           
       510,  -5.0           ,  -4.0           ,  -1.0           
       511,  -5.0           ,  -3.0           ,  -1.0           
       512,  -5.0           ,  -4.0           ,  -2.0           
       513,  -5.0           ,  -3.0           ,  -2.0           
       514,  -5.0           ,  4.0            ,  -3.0           
       515,  -5.0           ,  3.0            ,  -3.0           
       516,  -5.0           ,  2.0            ,  -3.0           
       517,  -5.0           ,  1.0            ,  -3.0           
       518,  -5.0           ,  3.0            ,  -4.0           
       519,  -5.0           ,  4.0            ,  -4.0           
       520,  -5.0           ,  2.0            ,  -4.0           
       521,  -5.0           ,  1.0            ,  -4.0           
       522,  -5.0           ,  3.0            ,  -1.0           
       523,  -5.0           ,  3.0            ,  -2.0           
       524,  -5.0           ,  4.0            ,  -1.0           
       525,  -5.0           ,  4.0            ,  -2.0           
       526,  -5.0           ,  2.0            ,  -1.0           
       527,  -5.0           ,  2.0            ,  -2.0           
       528,  -5.0           ,  1.0            ,  -1.0           
       529,  -5.0           ,  1.0            ,  -2.0           
       530,  -4.0           ,  0.0            ,  5.0            
       531,  -3.0           ,  0.0            ,  5.0            
       532,  -2.0           ,  0.0            ,  5.0            
       533,  -1.0           ,  0.0            ,  5.0            
       534,  0.0            ,  0.0            ,  5.0            
       535,  1.0            ,  0.0            ,  5.0            
       536,  2.0            ,  0.0            ,  5.0            
       537,  3.0            ,  0.0            ,  5.0            
       538,  4.0            ,  0.0            ,  5.0            
       539,  0.0            ,  -1.0           ,  5.0            
       540,  0.0            ,  -2.0           ,  5.0            
       541,  0.0            ,  -3.0           ,  5.0            
       542,  0.0            ,  -4.0           ,  5.0            
       543,  -1.0           ,  -2.0           ,  5.0            
       544,  -2.0           ,  -2.0           ,  5.0            
       545,  -3.0           ,  -2.0           ,  5.0            
       546,  -4.0           ,  -2.0           ,  5.0            
       547,  -2.0           ,  -1.0           ,  5.0            
       548,  -1.0           ,  -1.0           ,  5.0            
       549,  -3.0           ,  -1.0           ,  5.0            
       550,  -4.0           ,  -1.0           ,  5.0            
       551,  -2.0           ,  -4.0           ,  5.0            
       552,  -2.0           ,  -3.0           ,  5.0            
       553,  -1.0           ,  -4.0           ,  5.0            
       554,  -1.0           ,  -3.0           ,  5.0            
       555,  -4.0           ,  -4.0           ,  5.0            
       556,  -3.0           ,  -4.0           ,  5.0            
       557,  -4.0           ,  -3.0           ,  5.0            
       558,  -3.0           ,  -3.0           ,  5.0            
       559,  4.0            ,  -2.0           ,  5.0            
       560,  3.0            ,  -2.0           ,  5.0            
       561,  2.0            ,  -2.0           ,  5.0            
       562,  1.0            ,  -2.0           ,  5.0            
       563,  3.0            ,  -1.0           ,  5.0            
       564,  4.0            ,  -1.0           ,  5.0            
       565,  2.0            ,  -1.0           ,  5.0            
       566,  1.0            ,  -1.0           ,  5.0            
       567,  3.0            ,  -4.0           ,  5.0            
       568,  3.0            ,  -3.0           ,  5.0            
       569,  4.0            ,  -4.0           ,  5.0            
       570,  4.0            ,  -3.0           ,  5.0            
       571,  1.0            ,  -4.0           ,  5.0            
       572,  2.0            ,  -4.0           ,  5.0            
       573,  1.0            ,  -3.0           ,  5.0            
       574,  2.0            ,  -3.0           ,  5.0            
       575,  0.0            ,  4.0            ,  5.0            
       576,  0.0            ,  3.0            ,  5.0            
       577,  0.0            ,  2.0            ,  5.0            
       578,  0.0            ,  1.0            ,  5.0            
       579,  -1.0           ,  3.0            ,  5.0            
       580,  -2.0           ,  3.0            ,  5.0            
       581,  -3.0           ,  3.0            ,  5.0            
       582,  -4.0           ,  3.0            ,  5.0            
       583,  -2.0           ,  4.0            ,  5.0            
       584,  -1.0           ,  4.0            ,  5.0            
       585,  -3.0           ,  4.0            ,  5.0            
       586,  -4.0           ,  4.0            ,  5.0            
       587,  -2.0           ,  1.0            ,  5.0            
       588,  -2.0           ,  2.0            ,  5.0            
       589,  -1.0           ,  1.0            ,  5.0            
       590,  -1.0           ,  2.0            ,  5.0            
       591,  -3.0           ,  1.0            ,  5.0            
       592,  -3.0           ,  2.0            ,  5.0            
       593,  -4.0           ,  1.0            ,  5.0            
       594,  -4.0           ,  2.0            ,  5.0            
       595,  4.0            ,  3.0            ,  5.0            
       596,  3.0            ,  3.0            ,  5.0            
       597,  2.0            ,  3.0            ,  5.0            
       598,  1.0            ,  3.0            ,  5.0            
       599,  3.0            ,  4.0            ,  5.0            
       600,  4.0            ,  4.0            ,  5.0            
       601,  2.0            ,  4.0            ,  5.0            
       602,  1.0            ,  4.0            ,  5.0            
       603,  3.0            ,  1.0            ,  5.0            
       604,  3.0            ,  2.0            ,  5.0            
       605,  4.0            ,  1.0            ,  5.0            
       606,  4.0            ,  2.0            ,  5.0            
       607,  1.0            ,  1.0            ,  5.0            
       608,  2.0            ,  1.0            ,  5.0            
       609,  1.0            ,  2.0            ,  5.0            
       610,  2.0            ,  2.0            ,  5.0            
$$$$ POLYGON
         1,        62,        67,        58,        59
         2,        63,        66,        67,        62
         3,        66,        51,        52,        67
         4,        67,        52,        53,        58
         5,        64,        68,        66,        63
         6,        68,        50,        51,        66
         7,        65,        69,        68,        64
         8,        69,        49,        50,        68
         9,        32,        33,        69,        65
        10,        33,        34,        49,        69
        11,        26,        70,        72,        25
        12,        25,        72,        61,        24
        13,        62,        73,        71,        63
        14,        73,        72,        70,        71
        15,        59,        60,        73,        62
        16,        60,        61,        72,        73
        17,        29,        30,        74,        28
        18,        28,        74,        75,        27
        19,        27,        75,        70,        26
        20,        65,        76,        31,        32
        21,        76,        74,        30,        31
        22,        63,        71,        77,        64
        23,        64,        77,        76,        65
        24,        71,        70,        75,        77
        25,        77,        75,        74,        76
        26,        79,        82,        83,        78
        27,        78,        83,         2,         1
        28,        82,        56,        57,        83
        29,        83,        57,         3,         2
        30,        80,        84,        82,        79
        31,        84,        55,        56,        82
        32,        81,        85,        84,        80
        33,        85,        54,        55,        84
        34,        59,        58,        85,        81
        35,        58,        53,        54,        85
        36,        21,        86,        88,        20
        37,        20,        88,        18,        19
        38,        78,        89,        87,        79
        39,        89,        88,        86,        87
        40,         1,        17,        89,        78
        41,        17,        18,        88,        89
        42,        22,        90,        86,        21
        43,        90,        91,        87,        86
        44,        91,        80,        79,        87
        45,        24,        61,        92,        23
        46,        23,        92,        90,        22
        47,        81,        93,        60,        59
        48,        93,        92,        61,        60
        49,        80,        91,        93,        81
        50,        91,        90,        92,        93
        51,        99,       102,       103,        98
        52,        98,       103,        94,        95
        53,       102,        42,        43,       103
        54,       103,        43,        44,        94
        55,       100,       104,       102,        99
        56,       104,        41,        42,       102
        57,        37,        38,       105,       101
        58,       101,       105,       104,       100
        59,        38,        39,        40,       105
        60,       105,        40,        41,       104
        61,        51,       106,       108,        52
        62,        52,       108,        97,        53
        63,        98,       109,       107,        99
        64,       109,       108,       106,       107
        65,        95,        96,       109,        98
        66,        96,        97,       108,       109
        67,        50,       110,       106,        51
        68,       110,       111,       107,       106
        69,       111,       100,        99,       107
        70,        34,        35,       112,        49
        71,        49,       112,       110,        50
        72,       101,       113,        36,        37
        73,       113,       112,        35,        36
        74,       100,       111,       113,       101
        75,       111,       110,       112,       113
        76,       114,       119,         7,         6
        77,       119,        48,         8,         7
        78,       115,       118,       119,       114
        79,       118,        47,        48,       119
        80,       116,       120,       118,       115
        81,       120,        46,        47,       118
        82,        95,        94,       121,       117
        83,       117,       121,       120,       116
        84,        94,        44,        45,       121
        85,       121,        45,        46,       120
        86,        56,       122,       124,        57
        87,        57,       124,         4,         3
        88,       122,       123,       125,       124
        89,       124,       125,         5,         4
        90,       123,       115,       114,       125
        91,       125,       114,         6,         5
        92,        53,        97,       126,        54
        93,        54,       126,       127,        55
        94,        55,       127,       122,        56
        95,       117,       128,        96,        95
        96,       128,       126,        97,        96
        97,       115,       123,       129,       116
        98,       116,       129,       128,       117
        99,       123,       122,       127,       129
       100,       129,       127,       126,       128
       101,       172,       177,       168,       169
       102,       177,       162,       163,       168
       103,       173,       176,       177,       172
       104,       176,       161,       162,       177
       105,       174,       178,       176,       173
       106,       178,       160,       161,       176
       107,       175,       179,       178,       174
       108,       179,       159,       160,       178
       109,       152,       153,       179,       175
       110,       153,       154,       159,       179
       111,       146,       180,       182,       145
       112,       145,       182,       171,       144
       113,       172,       183,       181,       173
       114,       183,       182,       180,       181
       115,       169,       170,       183,       172
       116,       170,       171,       182,       183
       117,       149,       150,       184,       148
       118,       148,       184,       185,       147
       119,       147,       185,       180,       146
       120,       175,       186,       151,       152
       121,       186,       184,       150,       151
       122,       174,       187,       186,       175
       123,       187,       185,       184,       186
       124,       173,       181,       187,       174
       125,       181,       180,       185,       187
       126,       188,       193,       135,       136
       127,       193,       167,       134,       135
       128,       189,       192,       193,       188
       129,       192,       166,       167,       193
       130,       190,       194,       192,       189
       131,       194,       165,       166,       192
       132,       191,       195,       194,       190
       133,       195,       164,       165,       194
       134,       169,       168,       195,       191
       135,       168,       163,       164,       195
       136,       141,       196,       198,       140
       137,       140,       198,       138,       139
       138,       188,       199,       197,       189
       139,       199,       198,       196,       197
       140,       136,       137,       199,       188
       141,       137,       138,       198,       199
       142,       142,       200,       196,       141
       143,       200,       201,       197,       196
       144,       201,       190,       189,       197
       145,       144,       171,       202,       143
       146,       143,       202,       200,       142
       147,       191,       203,       170,       169
       148,       203,       202,       171,       170
       149,       190,       201,       203,       191
       150,       201,       200,       202,       203
       151,       209,       212,       213,       208
       152,       208,       213,       204,       205
       153,       212,        26,        25,       213
       154,       213,        25,        24,       204
       155,       210,       214,       212,       209
       156,       214,        27,        26,       212
       157,       157,       158,       215,       211
       158,       211,       215,       214,       210
       159,       158,        29,        28,       215
       160,       215,        28,        27,       214
       161,       161,       216,       218,       162
       162,       162,       218,       207,       163
       163,       208,       219,       217,       209
       164,       219,       218,       216,       217
       165,       205,       206,       219,       208
       166,       206,       207,       218,       219
       167,       160,       220,       216,       161
       168,       220,       221,       217,       216
       169,       221,       210,       209,       217
       170,       154,       155,       222,       159
       171,       159,       222,       220,       160
       172,       211,       223,       156,       157
       173,       223,       222,       155,       156
       174,       210,       221,       223,       211
       175,       221,       220,       222,       223
       176,       225,       228,       229,       224
       177,       224,       229,       130,       131
       178,       228,        21,        20,       229
       179,       229,        20,        19,       130
       180,       226,       230,       228,       225
       181,       230,        22,        21,       228
       182,       205,       204,       231,       227
       183,       227,       231,       230,       226
       184,       204,        24,        23,       231
       185,       231,        23,        22,       230
       186,       166,       232,       234,       167
       187,       167,       234,       133,       134
       188,       232,       233,       235,       234
       189,       234,       235,       132,       133
       190,       233,       225,       224,       235
       191,       235,       224,       131,       132
       192,       163,       207,       236,       164
       193,       164,       236,       237,       165
       194,       165,       237,       232,       166
       195,       227,       238,       206,       205
       196,       238,       236,       207,       206
       197,       225,       233,       239,       226
       198,       226,       239,       238,       227
       199,       233,       232,       237,       239
       200,       239,       237,       236,       238
       201,       272,       277,       268,       269
       202,       277,       262,       263,       268
       203,       273,       276,       277,       272
       204,       276,       261,       262,       277
       205,       274,       278,       276,       273
       206,       278,       260,       261,       276
       207,       275,       279,       278,       274
       208,       279,       259,       260,       278
       209,       136,       135,       279,       275
       210,       135,       134,       259,       279
       211,       256,       280,       282,       255
       212,       255,       282,       271,       254
       213,       280,       281,       283,       282
       214,       282,       283,       270,       271
       215,       281,       273,       272,       283
       216,       283,       272,       269,       270
       217,       139,       138,       284,       258
       218,       258,       284,       285,       257
       219,       257,       285,       280,       256
       220,       275,       286,       137,       136
       221,       286,       284,       138,       137
       222,       274,       287,       286,       275
       223,       287,       285,       284,       286
       224,       273,       281,       287,       274
       225,       281,       280,       285,       287
       226,       288,       293,       245,       246
       227,       293,       267,       244,       245
       228,       289,       292,       293,       288
       229,       292,       266,       267,       293
       230,       290,       294,       292,       289
       231,       294,       265,       266,       292
       232,       291,       295,       294,       290
       233,       295,       264,       265,       294
       234,       269,       268,       295,       291
       235,       268,       263,       264,       295
       236,       251,       296,       298,       250
       237,       250,       298,       248,       249
       238,       288,       299,       297,       289
       239,       299,       298,       296,       297
       240,       246,       247,       299,       288
       241,       247,       248,       298,       299
       242,       254,       271,       300,       253
       243,       253,       300,       301,       252
       244,       252,       301,       296,       251
       245,       291,       302,       270,       269
       246,       302,       300,       271,       270
       247,       289,       297,       303,       290
       248,       290,       303,       302,       291
       249,       297,       296,       301,       303
       250,       303,       301,       300,       302
       251,       309,       312,       313,       308
       252,       308,       313,       304,       305
       253,       312,         1,         2,       313
       254,       313,         2,         3,       304
       255,       310,       314,       312,       309
       256,       314,        17,         1,       312
       257,       311,       315,       314,       310
       258,       315,        18,        17,       314
       259,       131,       130,       315,       311
       260,       130,        19,        18,       315
       261,       261,       316,       318,       262
       262,       262,       318,       307,       263
       263,       308,       319,       317,       309
       264,       319,       318,       316,       317
       265,       305,       306,       319,       308
       266,       306,       307,       318,       319
       267,       134,       133,       320,       259
       268,       259,       320,       321,       260
       269,       260,       321,       316,       261
       270,       311,       322,       132,       131
       271,       322,       320,       133,       132
       272,       310,       323,       322,       311
       273,       323,       321,       320,       322
       274,       309,       317,       323,       310
       275,       317,       316,       321,       323
       276,       325,       328,       329,       324
       277,       324,       329,       240,       241
       278,       328,         6,         7,       329
       279,       329,         7,         8,       240
       280,       326,       330,       328,       325
       281,       330,         5,         6,       328
       282,       305,       304,       331,       327
       283,       327,       331,       330,       326
       284,       304,         3,         4,       331
       285,       331,         4,         5,       330
       286,       266,       332,       334,       267
       287,       267,       334,       243,       244
       288,       324,       335,       333,       325
       289,       335,       334,       332,       333
       290,       241,       242,       335,       324
       291,       242,       243,       334,       335
       292,       265,       336,       332,       266
       293,       336,       337,       333,       332
       294,       337,       326,       325,       333
       295,       263,       307,       338,       264
       296,       264,       338,       336,       265
       297,       307,       306,       339,       338
       298,       338,       339,       337,       336
       299,       306,       305,       327,       339
       300,       339,       327,       326,       337
       301,       372,       377,       368,       369
       302,       377,       362,       363,       368
       303,       373,       376,       377,       372
       304,       376,       361,       362,       377
       305,       374,       378,       376,       373
       306,       378,       360,       361,       376
       307,       375,       379,       378,       374
       308,       379,       359,       360,       378
       309,       342,       343,       379,       375
       310,       343,       344,       359,       379
       311,        42,       380,       382,        43
       312,        43,       382,       371,        44
       313,       380,       381,       383,       382
       314,       382,       383,       370,       371
       315,       381,       373,       372,       383
       316,       383,       372,       369,       370
       317,        39,       340,       384,        40
       318,        40,       384,       385,        41
       319,        41,       385,       380,        42
       320,       375,       386,       341,       342
       321,       386,       384,       340,       341
       322,       373,       381,       387,       374
       323,       374,       387,       386,       375
       324,       381,       380,       385,       387
       325,       387,       385,       384,       386
       326,       388,       393,       243,       242
       327,       393,       367,       244,       243
       328,       389,       392,       393,       388
       329,       392,       366,       367,       393
       330,       390,       394,       392,       389
       331,       394,       365,       366,       392
       332,       391,       395,       394,       390
       333,       395,       364,       365,       394
       334,       369,       368,       395,       391
       335,       368,       363,       364,       395
       336,        47,       396,       398,        48
       337,        48,       398,       240,         8
       338,       388,       399,       397,       389
       339,       399,       398,       396,       397
       340,       242,       241,       399,       388
       341,       241,       240,       398,       399
       342,        44,       371,       400,        45
       343,        45,       400,       401,        46
       344,        46,       401,       396,        47
       345,       391,       402,       370,       369
       346,       402,       400,       371,       370
       347,       389,       397,       403,       390
       348,       390,       403,       402,       391
       349,       397,       396,       401,       403
       350,       403,       401,       400,       402
       351,       409,       412,       413,       408
       352,       408,       413,       404,       405
       353,       412,       352,       353,       413
       354,       413,       353,       354,       404
       355,       410,       414,       412,       409
       356,       414,       351,       352,       412
       357,       347,       348,       415,       411
       358,       411,       415,       414,       410
       359,       348,       349,       350,       415
       360,       415,       350,       351,       414
       361,       361,       416,       418,       362
       362,       362,       418,       407,       363
       363,       408,       419,       417,       409
       364,       419,       418,       416,       417
       365,       405,       406,       419,       408
       366,       406,       407,       418,       419
       367,       360,       420,       416,       361
       368,       420,       421,       417,       416
       369,       421,       410,       409,       417
       370,       344,       345,       422,       359
       371,       359,       422,       420,       360
       372,       411,       423,       346,       347
       373,       423,       422,       345,       346
       374,       410,       421,       423,       411
       375,       421,       420,       422,       423
       376,       424,       429,       248,       247
       377,       429,       358,       249,       248
       378,       425,       428,       429,       424
       379,       428,       357,       358,       429
       380,       426,       430,       428,       425
       381,       430,       356,       357,       428
       382,       405,       404,       431,       427
       383,       427,       431,       430,       426
       384,       404,       354,       355,       431
       385,       431,       355,       356,       430
       386,       366,       432,       434,       367
       387,       367,       434,       245,       244
       388,       432,       433,       435,       434
       389,       434,       435,       246,       245
       390,       433,       425,       424,       435
       391,       435,       424,       247,       246
       392,       363,       407,       436,       364
       393,       364,       436,       437,       365
       394,       365,       437,       432,       366
       395,       427,       438,       406,       405
       396,       438,       436,       407,       406
       397,       425,       433,       439,       426
       398,       426,       439,       438,       427
       399,       433,       432,       437,       439
       400,       439,       437,       436,       438
       401,       462,       467,       458,       459
       402,       467,       452,       453,       458
       403,       463,       466,       467,       462
       404,       466,       451,       452,       467
       405,       464,       468,       466,       463
       406,       468,       450,       451,       466
       407,       465,       469,       468,       464
       408,       469,       449,       450,       468
       409,       346,       345,       469,       465
       410,       345,       344,       449,       469
       411,       446,       470,       472,       445
       412,       445,       472,       461,       444
       413,       470,       471,       473,       472
       414,       472,       473,       460,       461
       415,       471,       463,       462,       473
       416,       473,       462,       459,       460
       417,       349,       348,       474,       448
       418,       448,       474,       475,       447
       419,       447,       475,       470,       446
       420,       465,       476,       347,       346
       421,       476,       474,       348,       347
       422,       464,       477,       476,       465
       423,       477,       475,       474,       476
       424,       463,       471,       477,       464
       425,       471,       470,       475,       477
       426,       478,       483,       153,       152
       427,       483,       457,       154,       153
       428,       479,       482,       483,       478
       429,       482,       456,       457,       483
       430,       480,       484,       482,       479
       431,       484,       455,       456,       482
       432,       481,       485,       484,       480
       433,       485,       454,       455,       484
       434,       459,       458,       485,       481
       435,       458,       453,       454,       485
       436,       441,       486,       488,       440
       437,       440,       488,       150,       149
       438,       478,       489,       487,       479
       439,       489,       488,       486,       487
       440,       152,       151,       489,       478
       441,       151,       150,       488,       489
       442,       444,       461,       490,       443
       443,       443,       490,       491,       442
       444,       442,       491,       486,       441
       445,       481,       492,       460,       459
       446,       492,       490,       461,       460
       447,       479,       487,       493,       480
       448,       480,       493,       492,       481
       449,       487,       486,       491,       493
       450,       493,       491,       490,       492
       451,       499,       502,       503,       498
       452,       498,       503,       494,       495
       453,       502,        36,        35,       503
       454,       503,        35,        34,       494
       455,       500,       504,       502,       499
       456,       504,        37,        36,       502
       457,       501,       505,       504,       500
       458,       505,        38,        37,       504
       459,       341,       340,       505,       501
       460,       340,        39,        38,       505
       461,       451,       506,       508,       452
       462,       452,       508,       497,       453
       463,       498,       509,       507,       499
       464,       509,       508,       506,       507
       465,       495,       496,       509,       498
       466,       496,       497,       508,       509
       467,       344,       343,       510,       449
       468,       449,       510,       511,       450
       469,       450,       511,       506,       451
       470,       501,       512,       342,       341
       471,       512,       510,       343,       342
       472,       500,       513,       512,       501
       473,       513,       511,       510,       512
       474,       499,       507,       513,       500
       475,       507,       506,       511,       513
       476,       515,       518,       519,       514
       477,       514,       519,       158,       157
       478,       518,        31,        30,       519
       479,       519,        30,        29,       158
       480,       516,       520,       518,       515
       481,       520,        32,        31,       518
       482,       495,       494,       521,       517
       483,       517,       521,       520,       516
       484,       494,        34,        33,       521
       485,       521,        33,        32,       520
       486,       456,       522,       524,       457
       487,       457,       524,       155,       154
       488,       514,       525,       523,       515
       489,       525,       524,       522,       523
       490,       157,       156,       525,       514
       491,       156,       155,       524,       525
       492,       455,       526,       522,       456
       493,       526,       527,       523,       522
       494,       527,       516,       515,       523
       495,       453,       497,       528,       454
       496,       454,       528,       526,       455
       497,       497,       496,       529,       528
       498,       528,       529,       527,       526
       499,       496,       495,       517,       529
       500,       529,       517,       516,       527
       501,       543,       548,       539,       540
       502,       548,       533,       534,       539
       503,       544,       547,       548,       543
       504,       547,       532,       533,       548
       505,       545,       549,       547,       544
       506,       549,       531,       532,       547
       507,       546,       550,       549,       545
       508,       550,       530,       531,       549
       509,       446,       445,       550,       546
       510,       445,       444,       530,       550
       511,       352,       551,       553,       353
       512,       353,       553,       542,       354
       513,       543,       554,       552,       544
       514,       554,       553,       551,       552
       515,       540,       541,       554,       543
       516,       541,       542,       553,       554
       517,       349,       448,       555,       350
       518,       350,       555,       556,       351
       519,       351,       556,       551,       352
       520,       546,       557,       447,       446
       521,       557,       555,       448,       447
       522,       544,       552,       558,       545
       523,       545,       558,       557,       546
       524,       552,       551,       556,       558
       525,       558,       556,       555,       557
       526,       560,       563,       564,       559
       527,       559,       564,       253,       252
       528,       563,       537,       538,       564
       529,       564,       538,       254,       253
       530,       561,       565,       563,       560
       531,       565,       536,       537,       563
       532,       562,       566,       565,       561
       533,       566,       535,       536,       565
       534,       540,       539,       566,       562
       535,       539,       534,       535,       566
       536,       357,       567,       569,       358
       537,       358,       569,       250,       249
       538,       567,       568,       570,       569
       539,       569,       570,       251,       250
       540,       568,       560,       559,       570
       541,       570,       559,       252,       251
       542,       354,       542,       571,       355
       543,       355,       571,       572,       356
       544,       356,       572,       567,       357
       545,       562,       573,       541,       540
       546,       573,       571,       542,       541
       547,       560,       568,       574,       561
       548,       561,       574,       573,       562
       549,       568,       567,       572,       574
       550,       574,       572,       571,       573
       551,       580,       583,       584,       579
       552,       579,       584,       575,       576
       553,       583,       146,       145,       584
       554,       584,       145,       144,       575
       555,       581,       585,       583,       580
       556,       585,       147,       146,       583
       557,       441,       440,       586,       582
       558,       582,       586,       585,       581
       559,       440,       149,       148,       586
       560,       586,       148,       147,       585
       561,       532,       587,       589,       533
       562,       533,       589,       578,       534
       563,       579,       590,       588,       580
       564,       590,       589,       587,       588
       565,       576,       577,       590,       579
       566,       577,       578,       589,       590
       567,       531,       591,       587,       532
       568,       591,       592,       588,       587
       569,       592,       581,       580,       588
       570,       444,       443,       593,       530
       571,       530,       593,       591,       531
       572,       582,       594,       442,       441
       573,       594,       593,       443,       442
       574,       581,       592,       594,       582
       575,       592,       591,       593,       594
       576,       595,       600,       258,       257
       577,       600,       140,       139,       258
       578,       596,       599,       600,       595
       579,       599,       141,       140,       600
       580,       597,       601,       599,       596
       581,       601,       142,       141,       599
       582,       576,       575,       602,       598
       583,       598,       602,       601,       597
       584,       575,       144,       143,       602
       585,       602,       143,       142,       601
       586,       537,       603,       605,       538
       587,       538,       605,       255,       254
       588,       603,       604,       606,       605
       589,       605,       606,       256,       255
       590,       604,       596,       595,       606
       591,       606,       595,       257,       256
       592,       534,       578,       607,       535
       593,       535,       607,       608,       536
       594,       536,       608,       603,       537
       595,       598,       609,       577,       576
       596,       609,       607,       578,       577
       597,       596,       604,       610,       597
       598,       597,       610,       609,       598
       599,       604,       603,       608,       610
       600,       610,       608,       607,       609
$$$$
